Lighted_area_density          0.259   0.033   0.240   0.407  -0.048
Fire_densities                0.091   0.144   0.318  -0.087  -0.063
FAO_Cattle                    0.273  -0.257   0.027  -0.146  -0.091
FAO_Goat                      0.260  -0.311  -0.023  -0.155  -0.089
FAO_Pig                       0.187   0.231  -0.012   0.135  -0.007
FAO_Sheep                     0.236  -0.349   0.029  -0.149  -0.068
Human_population_density_AG   0.353   0.163  -0.167   0.144   0.008
Human_population_density_G    0.353   0.163  -0.174   0.141   0.007
11urban                       0.229   0.274  -0.118   0.355   0.052
12dense                       0.264   0.067  -0.274  -0.010  -0.022
22irrigated                   0.086   0.101  -0.055  -0.060   0.074
23crop                        0.068  -0.211   0.072   0.168   0.040
24pastoral                    0.208  -0.188  -0.071  -0.062  -0.093
25rainfed                     0.182  -0.076  -0.198  -0.188  -0.032
26mosaic                      0.291   0.043  -0.183  -0.185   0.004
31residential                 0.177   0.207   0.120  -0.185   0.186
32residential                 0.224   0.113   0.181  -0.204  -0.084
33popirrigated                0.096   0.173   0.288  -0.201   0.239
34poprainfed                  0.144   0.130   0.414  -0.152   0.008
35remotecrop                  0.047   0.134   0.292  -0.146   0.137
41residential                 0.146  -0.395   0.199   0.101  -0.026
42poprangelands               0.083  -0.277   0.264   0.249   0.057
43remoterange                 0.023  -0.118   0.166   0.336   0.159
51popforest                   0.043   0.161   0.258  -0.074  -0.361
52remoteforest               -0.040   0.115   0.095   0.090  -0.620
61wildforest                 -0.052   0.054  -0.021   0.103  -0.513
62sparsetrees                 0.013  -0.007   0.047   0.149   0.004
63barren                      0.007  -0.031   0.072   0.278   0.167